<?xml version="1.0"?>
<opencv_storage>
<calibration_Time>"Sun Feb 19 19:42:11 2017"</calibration_Time>
<nrOfFrames>15</nrOfFrames>
<image_Width>1280</image_Width>
<image_Height>720</image_Height>
<board_Width>9</board_Width>
<board_Height>6</board_Height>
<square_Size>50.</square_Size>
<FixAspectRatio>1.</FixAspectRatio>
<!-- flags:  +fix_aspectRatio +fix_principal_point +zero_tangent_dist -->
<flagValue>14</flagValue>
<Camera_Matrix type_id="opencv-matrix">
  <rows>3</rows>
  <cols>3</cols>
  <dt>d</dt>
  <data>
    1.0180454301686651e+03 0. 640. 0. 1.0180454301686651e+03 360. 0. 0.
    1.</data></Camera_Matrix>
<Distortion_Coefficients type_id="opencv-matrix">
  <rows>5</rows>
  <cols>1</cols>
  <dt>d</dt>
  <data>
    -1.6163235399258993e-01 1.1690699253768444e+00 0. 0.
    -2.3107371299327570e+00</data></Distortion_Coefficients>
<Avg_Reprojection_Error>7.3424225626192630e-01</Avg_Reprojection_Error>
<Per_View_Reprojection_Errors type_id="opencv-matrix">
  <rows>15</rows>
  <cols>1</cols>
  <dt>f</dt>
  <data>
    4.06566590e-01 7.89263189e-01 3.18990827e-01 1.24683797e+00
    9.57879603e-01 3.84869039e-01 1.07258368e+00 9.72506881e-01
    2.18352079e-01 2.39377081e-01 2.06324801e-01 2.81142294e-01
    8.45394135e-01 1.11418712e+00 5.45458972e-01</data></Per_View_Reprojection_Errors>
<!-- a set of 6-tuples (rotation vector + translation vector) for each view -->
<Extrinsic_Parameters type_id="opencv-matrix">
  <rows>15</rows>
  <cols>6</cols>
  <dt>d</dt>
  <data>
    -5.5770633902953387e-04 -1.1635385397730912e-02
    1.7294587204989047e-02 -9.7517189755353400e+01
    -2.3717031520002678e+01 1.5750450753212872e+03
    -9.0918409880695805e-01 1.4296496571333278e-02
    2.6501392959198500e-02 -1.1762623744663064e+02
    1.6334992546075296e+02 1.6175553454024171e+03
    -1.6742662015465590e-01 2.1301907249240432e-02
    -1.5447688136250513e+00 2.5257843871675121e+02
    1.6670397352147091e+02 1.2455955215803790e+03
    -1.0434136717673561e+00 9.0205078960172091e-01
    -1.3306868412621204e+00 3.6294777595541393e+02
    2.5720516118119173e+02 1.6331263350418994e+03 4.9903132333093286e-01
    -6.8896840795849668e-01 -1.4523460081511699e+00
    -9.9600503747952409e+00 2.9418091468301066e+02
    1.4190363928397360e+03 -2.0417817289157256e-01
    -2.8894818392188711e-02 -1.0218547705676971e-02
    -1.5203672172638650e+02 6.5985453081109043e+01
    1.5861042817930586e+03 -1.5338947561892322e-01
    -9.5170973908386347e-01 1.5048683166279998e-03
    -1.2082875697877851e+02 4.9378792453884849e+01
    1.5115824733229217e+03 4.6075432553356520e-02 8.5625941331634703e-01
    3.1383440327968598e-03 -1.2305079242084027e+02
    4.4216309836529270e+01 1.7411434805604374e+03
    -9.3206638626138663e-02 2.1650939911052346e-02
    7.6620350699568529e-01 -3.3134812107318155e+01
    -1.1025927379713677e+02 1.6613570532631622e+03
    3.3680020673987204e-02 9.8286861593533836e-02 1.5973300047581340e+00
    1.6530235250238383e+02 -9.2794907983335435e+01
    1.6528440362537990e+03 5.4905765662979413e-03
    -3.5011781585628073e-02 -1.0503091746354716e+00
    -1.8704677187053480e+02 2.5431707560204390e+02
    1.5910531365329339e+03 2.2914982222064721e-02 1.1291777639941060e-01
    2.8775018182525351e+00 2.7473830219607635e+02 2.4427056340254703e+02
    1.5840021202420905e+03 5.1700371845494031e-01
    -5.2088752936030791e-01 1.4605384616213273e+00
    1.9544489301340164e+01 -3.8242985418262179e+00
    1.3540571226107397e+03 6.2273970644714727e-01
    -7.0874049335005340e-01 1.4334648177258207e+00
    4.5206983038721042e+01 5.7961211364490374e+01 1.3085598749388357e+03
    -8.5358732723414921e-01 9.3405491944664243e-01
    1.4002957523650481e+00 6.8044351595280389e+01 1.9355014195512547e+02
    1.8054122383460331e+03</data></Extrinsic_Parameters>
<Image_points type_id="opencv-matrix">
  <rows>15</rows>
  <cols>54</cols>
  <dt>"2f"</dt>
  <data>
    5.77423767e+02 3.44869019e+02 6.09265503e+02 3.45331055e+02
    6.41394470e+02 3.45861725e+02 6.73608276e+02 3.46260986e+02
    7.06155823e+02 3.46578491e+02 7.38532043e+02 3.47159515e+02
    7.70630188e+02 3.47776947e+02 8.02426697e+02 3.48332367e+02
    8.33742615e+02 3.48561829e+02 5.77009705e+02 3.76789368e+02
    6.08733704e+02 3.77497162e+02 6.40981812e+02 3.78039703e+02
    6.72965088e+02 3.78646820e+02 7.05526550e+02 3.79248718e+02
    7.37620422e+02 3.79760468e+02 7.70231445e+02 3.80065125e+02
    8.01649414e+02 3.80465515e+02 8.33144348e+02 3.80732361e+02
    5.76457275e+02 4.09088379e+02 6.08145264e+02 4.09709839e+02
    6.40185242e+02 4.10463593e+02 6.72583557e+02 4.10943542e+02
    7.04886841e+02 4.11723785e+02 7.37153137e+02 4.12174347e+02
    7.69352234e+02 4.12392517e+02 8.01474243e+02 4.12666870e+02
    8.32314636e+02 4.12923035e+02 5.75686462e+02 4.41056091e+02
    6.07709167e+02 4.42134033e+02 6.39692383e+02 4.42524506e+02
    6.72048767e+02 4.43506470e+02 7.04328064e+02 4.43862030e+02
    7.36476685e+02 4.44634949e+02 7.68494568e+02 4.44603729e+02
    8.00499939e+02 4.45124084e+02 8.31944519e+02 4.45161102e+02
    5.75426453e+02 4.73504578e+02 6.07244568e+02 4.73911407e+02
    6.39246765e+02 4.74918182e+02 6.71345276e+02 4.75620361e+02
    7.03622253e+02 4.76243896e+02 7.35695251e+02 4.76571106e+02
    7.67688232e+02 4.77024231e+02 7.99520386e+02 4.76893433e+02
    8.31372803e+02 4.77170654e+02 5.74664734e+02 5.05218781e+02
    6.06463562e+02 5.06300232e+02 6.38546875e+02 5.06857880e+02
    6.70765625e+02 5.07663666e+02 7.03234436e+02 5.08450409e+02
    7.35159851e+02 5.08966492e+02 7.67185974e+02 5.08732941e+02
    7.98970398e+02 5.09009064e+02 8.30700317e+02 5.09173462e+02
    5.65424561e+02 4.63649414e+02 5.96952698e+02 4.63374817e+02
    6.28649414e+02 4.63537048e+02 6.60355835e+02 4.63713409e+02
    6.91890808e+02 4.64016479e+02 7.23639221e+02 4.64381226e+02
    7.55329468e+02 4.65362946e+02 7.86794373e+02 4.66251038e+02
    8.18235779e+02 4.67736328e+02 5.63007751e+02 4.86023987e+02
    5.95064575e+02 4.86042053e+02 6.27507690e+02 4.85871765e+02
    6.59865417e+02 4.86433258e+02 6.92401367e+02 4.86601898e+02
    7.24594604e+02 4.87359741e+02 7.56958862e+02 4.88316589e+02
    7.89331787e+02 4.89530060e+02 8.21233215e+02 4.90620331e+02
    5.60285156e+02 5.09794434e+02 5.93203857e+02 5.09534027e+02
    6.26380371e+02 5.09845764e+02 6.59566589e+02 5.09996277e+02
    6.92585571e+02 5.10154968e+02 7.25658447e+02 5.10868286e+02
    7.58825500e+02 5.12049438e+02 7.91787720e+02 5.12834778e+02
    8.24697266e+02 5.14652832e+02 5.57362549e+02 5.33622742e+02
    5.91028503e+02 5.34301819e+02 6.25294922e+02 5.33951172e+02
    6.59132263e+02 5.34630005e+02 6.93007629e+02 5.34760803e+02
    7.26699646e+02 5.35920837e+02 7.60734680e+02 5.36645996e+02
    7.94653687e+02 5.37990295e+02 8.28347290e+02 5.39509521e+02
    5.54469055e+02 5.59609436e+02 5.88900024e+02 5.59824280e+02
    6.23834961e+02 5.60351990e+02 6.58793945e+02 5.60089905e+02
    6.93528687e+02 5.61189880e+02 7.28224976e+02 5.61601196e+02
    7.62921387e+02 5.62916687e+02 7.97489929e+02 5.64060791e+02
    8.32506653e+02 5.65601501e+02 5.51252808e+02 5.84612366e+02
    5.86685181e+02 5.86610962e+02 6.22475830e+02 5.87083435e+02
    6.58269897e+02 5.87847351e+02 6.94046753e+02 5.87895325e+02
    7.29292419e+02 5.88933350e+02 7.64969360e+02 5.90006958e+02
    8.00814514e+02 5.91367676e+02 8.36250305e+02 5.92310242e+02
    8.45367554e+02 4.95274292e+02 8.45930847e+02 4.54742310e+02
    8.46389038e+02 4.14369843e+02 8.46850464e+02 3.74255951e+02
    8.47150452e+02 3.34034882e+02 8.47464355e+02 2.94336121e+02
    8.47758484e+02 2.54936722e+02 8.47971802e+02 2.15937027e+02
    8.48351196e+02 1.77517303e+02 8.86595947e+02 4.96424133e+02
    8.86888855e+02 4.55687775e+02 8.87374146e+02 4.15176697e+02
    8.87625244e+02 3.74796967e+02 8.87790161e+02 3.34584656e+02
    8.87977478e+02 2.94755646e+02 8.87909485e+02 2.55366455e+02
    8.88336243e+02 2.16241760e+02 8.88484985e+02 1.77314560e+02
    9.28071167e+02 4.97755432e+02 9.28370544e+02 4.56910461e+02
