<?xml version="1.0"?>
<opencv_storage>
<images>
images/WIN_20170218_18_44_51_Pro.jpg
images/WIN_20170218_18_45_02_Pro.jpg
images/WIN_20170218_18_45_07_Pro.jpg
images/WIN_20170218_18_45_20_Pro.jpg
images/WIN_20170218_18_45_30_Pro.jpg
images/WIN_20170218_18_45_39_Pro.jpg
images/WIN_20170218_18_45_43_Pro.jpg
images/WIN_20170218_18_45_47_Pro.jpg
images/WIN_20170218_18_45_55_Pro.jpg
images/WIN_20170218_18_45_57_Pro.jpg
images/WIN_20170218_18_46_01_Pro.jpg
images/WIN_20170218_18_46_07_Pro.jpg
images/WIN_20170218_18_46_16_Pro.jpg
images/WIN_20170218_18_46_19_Pro.jpg
images/WIN_20170218_18_46_25_Pro.jpg
</images>
</opencv_storage>